l Trial1
n 0.1 0.1 0.01 0.1 0.1 0.1 0.1 0.01 0.01 0.1
u 0.5 0.5 0.02 0.5 0.5 0.5 0.5 0.02 0.02 0.5
l Trial2
n 0.1 0.1 0.01 0.1 0.1 0.1 0.1 0.01 0.01 0.1
u 0.8 0.8 0.05 0.8 0.8 0.8 0.8 0.05 0.05 0.8
l Trial3
n 0.1 0.1 0.01 0.1 0.1 0.1 0.1 0.01 0.01 0.1
u 0.05 0.05 0.005 0.05 0.05 0.05 0.05 0.005 0.005 0.05
l Trial4
n 0.1 0.1 0.01 0.1 0.1 0.1 0.1 0.01 0.01 0.1
u 0.02 0.02 0.002 0.02 0.02 0.02 0.02 0.002 0.002 0.02
l Trial5
n 0.5 0.5 0.02 0.5 0.5 0.5 0.5 0.02 0.02 0.5
u 0.1 0.1 0.01 0.1 0.1 0.1 0.1 0.01 0.01 0.1
l Trial6
n 0.8 0.8 0.05 0.8 0.8 0.8 0.8 0.05 0.05 0.8
u 0.1 0.1 0.01 0.1 0.1 0.1 0.1 0.01 0.01 0.1
l Trial7
n 0.05 0.05 0.005 0.05 0.05 0.05 0.05 0.005 0.005 0.05
u 0.1 0.1 0.01 0.1 0.1 0.1 0.1 0.01 0.01 0.1
l Trial8
n 0.02 0.02 0.002 0.02 0.02 0.02 0.02 0.002 0.002 0.02
u 0.1 0.1 0.01 0.1 0.1 0.1 0.1 0.01 0.01 0.1
